11
19
20
25
27
29
30
33
36
38
39
42
46
48
53
54
58
60
63
64
69
70
71
72
74
76
80
87
92
93
98
99
100
105
108
115
116
117
120
123
130
137
139
141
142
149
152
153
156
157
159
162
165
170
175
177
178
188
190
192
193
196
198
204
205
206
209
210
215
217
229
231
235
236
239
240
241
242
245
248
249
251
254
257
259
263
264
267
268
269
270
274
275
277
279
280
283
289
291
300
301
303
304
305
306
307
309
310
318
325
326
327
328
329
335
337
339
352
353
354
360
361
365
368
372
373
374
376
381
385
386
387
388
390
400
402
407
408
417
420
421
422
430
432
434
438
447
449
452
453
458
468
471
476
477
478
479
480
482
483
486
487
488
489
490
494
495
496
499
